101000000
101001000
101010000
101011000
101100000
101101000
101110000
101111000
110001000
110101001
010010000
010011001
110010001
000000011
111000000
110010010
000000011
010100010
010100010
111000001
101111000
110010011
110110100
000000011
000100001
111000010
110010101
000000010
111000011
101111000
110001010
110101011
010010000
010011001
110010010
000000011
010100010
010100010
111000100
101111000
110010011
110110100
000000011
000100001
111000101
110010101
000000010
111000110
110000001
110100100
010010000
010011001
001101011
100010010
011100000
011100001
010010000
011001011
100010010
011100010
011100011
010010000
001001011
101011001
110000101
110100110
010100011
010100110
111000101
111100110
001001011
100010010
011100100
110000001
111000100
011100001
010010000
001001110
101010001
110000010
110100011
010100011
010100110
111000010
111100011
001001110
100011010
011100101
110000100
111000001
101111000
110000011
110100110
000111100
000111101
110000010
110100101
000100001
010010000
110010110
000000010
100000010
011100110
011100111
110010111
000001000
110011000
000011100
101110001
010101011
010111110
110000001
000111000
010000110
111000001
010000010
111001111
010000111
111001110
011101000
110010011
000000010
111001111
110010101
000011100
010000111
111001110
101111000
110001110
111001100
110000001
010100001
010100001
010010000
110001111
110100000
000100010
000100001
111001101
101111000
