101000000
101001000
101010000
101011000
101100000
101101000
101110000
101111000
110000100
110100101
010010000
010011001
110010001
000000011
111001010
110010010
000000011
010100010
010100010
111001101
010001000
110010011
000000011
111001011
110010100
000000010
111001100
010010001
110010101
011000100
100001010
011100000
011100001
110101010
100001010
011100010
110010110
111000111
110010100
111000110
011100011
110010001
111000111
101000000
111000110
011100011
100010010
011100100
101000000
111000111
111000110
011100011
110001011
010011000
110001100
010010000
110001101
010001000
101111000
110010111
000101100
110011000
001000100
010101111
010101010
010101111
010101010
101000001
100001101
010101000
010101101
001000100
011100101
101111000
110001010
100000010
011100110
011100111
101110001
110110100
001101101
001101001
000111010
000111111
010010110
010011111
010000010
111000110
010000011
111000111
101111000
